0 633 273 707 94 417 409 238 268 357 
1 147 476 454 734 680 621 666 155 689 
2 744 690 219 422 560 437 677 236 371 
3 392 796 309 583 469 35 271 489 696 
4 72 222 448 420 326 128 531 449 425 
5 526 599 694 114 763 246 719 645 55 
6 450 581 594 664 459 317 372 710 332 
7 294 278 415 221 539 776 179 502 265 
8 758 210 137 74 780 773 252 31 179 
9 735 442 231 797 286 174 33 479 207 
10 585 618 619 270 428 778 704 296 230 
11 378 62 709 413 275 508 757 34 108 
12 595 617 625 390 243 379 503 135 322 
13 80 280 24 376 25 679 670 477 580 
14 374 50 64 423 739 98 297 443 560 
15 514 266 36 329 23 774 557 573 176 
16 247 492 320 505 672 457 720 688 269 
17 140 288 152 488 231 442 33 174 132 
18 462 57 559 143 145 777 544 212 28 
19 156 507 646 52 549 777 775 604 212 
20 789 401 348 334 520 658 795 749 185 
21 530 158 364 32 736 200 382 783 217 
22 480 465 590 502 221 701 415 676 278 
23 36 689 793 734 454 147 266 15 514 
24 80 13 138 668 124 241 755 692 25 
25 80 452 692 456 13 241 85 24 280 
26 408 150 640 388 635 142 191 425 344 
27 525 478 335 669 165 727 122 349 120 
28 777 517 507 110 655 57 156 276 544 
29 301 227 337 697 714 264 481 343 753 
30 323 60 295 500 741 410 544 602 213 
31 63 780 773 380 756 74 758 8 210 
32 21 364 532 530 68 736 253 87 200 
33 442 681 468 9 286 735 140 231 17 
34 108 757 275 378 600 62 118 11 403 
35 469 309 271 489 3 392 796 583 696 
36 23 15 734 266 689 771 514 147 793 
37 636 706 342 127 416 534 159 755 497 
38 149 371 538 236 475 121 677 512 635 
39 552 115 192 546 723 558 331 533 624 
40 382 740 364 530 532 253 109 21 32 
41 331 624 627 175 591 582 673 621 533 
42 129 258 486 385 467 353 284 649 47 
43 279 634 683 749 239 244 223 770 789 
44 763 145 143 559 297 599 423 602 751 
45 92 790 705 424 543 747 610 492 86 
46 104 194 445 209 752 85 112 470 202 
47 630 608 576 283 486 53 742 649 782 
48 762 177 555 233 360 170 463 794 265 
49 554 330 764 90 71 449 420 128 653 
50 739 98 443 64 545 14 598 114 569 
51 578 88 565 59 66 346 536 282 345 
52 646 604 307 156 276 19 197 507 731 
53 283 649 576 779 47 630 748 693 284 
54 724 537 167 315 432 769 542 424 648 
55 246 402 598 106 526 545 569 5 114 
56 575 69 656 226 521 201 126 577 394 
57 544 28 18 777 517 462 110 507 655 
58 237 488 288 130 235 242 524 152 206 
59 346 403 674 51 108 34 79 565 606 
60 323 500 30 410 119 213 295 544 344 
61 269 505 277 86 756 204 790 610 705 
62 378 11 508 413 34 108 757 275 709 
63 773 780 756 31 74 277 86 210 8 
64 114 50 423 14 739 98 443 297 545 
65 339 551 367 516 399 730 767 482 188 
66 282 536 88 600 578 275 51 757 345 
67 561 101 490 188 643 515 754 234 161 
68 729 743 225 107 208 87 32 532 253 
69 575 521 56 168 226 656 687 394 254 
70 362 311 102 523 208 107 477 340 261 
71 111 614 700 372 90 653 764 554 460 
72 222 420 4 128 425 448 313 449 326 
73 136 434 562 287 412 391 232 300 218 
74 773 780 210 8 137 63 758 31 252 
75 164 667 620 622 659 361 214 141 369 
76 310 736 217 611 200 456 249 474 452 
77 550 511 782 529 742 296 240 608 785 
78 116 82 139 592 541 260 546 631 350 
79 541 674 631 403 346 351 606 78 59 
80 13 24 25 280 692 241 376 85 452 
81 737 272 713 419 354 440 411 180 774 
82 139 116 78 592 260 429 631 350 351 
83 355 587 708 792 650 370 224 396 100 
84 190 733 318 493 312 676 458 123 352 
85 241 692 470 194 104 25 452 24 456 
86 277 610 756 705 61 63 566 790 269 
87 253 532 743 68 729 32 225 740 364 
88 578 66 282 51 345 536 784 600 203 
89 99 105 198 535 504 327 623 440 272 
90 653 554 614 71 111 49 764 647 640 
91 405 341 474 211 496 217 200 131 736 
92 543 45 747 790 267 492 424 705 720 
93 172 169 510 157 97 626 381 292 256 
94 409 417 0 684 268 173 633 642 273 
95 501 513 406 593 184 146 594 603 385 
96 753 445 202 447 567 498 281 436 117 
97 381 256 169 259 93 172 671 328 482 
98 443 739 50 545 598 569 402 106 64 
99 89 198 105 504 535 327 440 524 623 
100 792 708 587 370 83 742 486 511 258 
101 643 188 561 67 490 399 126 515 201 
102 70 362 340 523 261 311 571 319 477 
103 684 642 306 173 336 268 547 271 712 
104 194 46 470 85 241 692 249 445 209 
105 89 99 535 198 327 504 623 485 628 
106 569 598 402 545 55 246 443 98 739 
107 208 225 729 68 743 311 70 362 523 
108 34 757 275 600 378 62 11 118 536 
109 740 40 253 532 382 87 364 530 550 
110 655 517 299 220 28 731 531 760 186 
111 71 614 700 372 90 460 361 653 369 
112 678 752 209 46 496 117 202 104 194 
113 682 766 248 564 263 377 612 455 718 
114 64 5 423 246 763 50 599 402 55 
115 39 723 552 331 533 624 41 558 192 
116 78 82 139 592 350 584 260 546 429 
117 498 202 495 447 567 209 752 96 445 
118 403 674 34 108 62 508 378 192 757 
119 213 410 448 60 323 326 544 313 500 
120 122 441 765 349 487 216 393 144 478 
121 475 538 149 38 196 635 133 388 142 
122 349 120 441 765 393 216 487 144 478 
123 458 312 509 493 733 318 197 549 190 
124 668 755 138 416 24 159 127 285 679 
125 698 368 363 660 607 207 169 328 724 
126 201 577 399 656 643 56 101 188 226 
127 159 497 37 636 285 706 534 755 124 
128 222 425 72 313 420 4 344 449 448 
129 42 258 486 385 467 353 284 649 184 
130 235 237 152 58 206 288 488 132 148 
131 781 211 783 548 158 675 91 405 341 
132 148 663 152 17 140 130 468 288 488 
133 563 196 426 250 657 121 475 388 216 
134 446 586 185 795 348 401 601 534 658 
135 322 160 788 625 384 12 390 617 352 
136 73 434 287 562 412 391 232 300 652 
137 210 8 758 252 74 179 780 773 375 
138 668 124 755 24 285 159 481 264 127 
139 592 82 260 429 78 116 351 631 661 
140 17 288 152 442 231 488 33 174 9 
141 369 361 214 460 700 164 651 620 439 
142 635 150 512 408 388 475 26 421 166 
143 559 145 44 763 751 462 645 599 18 
144 393 349 216 657 178 122 527 183 120 
145 44 143 763 559 297 602 18 423 462 
146 593 594 513 664 332 406 710 501 95 
147 454 1 476 734 689 23 680 793 621 
148 132 663 152 468 140 17 130 288 33 
149 538 38 121 475 371 236 196 677 635 
150 408 142 635 26 388 512 421 166 344 
151 466 654 199 400 761 359 366 678 341 
152 132 148 130 17 140 288 663 488 58 
153 314 317 637 181 499 459 710 622 664 
154 748 779 576 499 283 53 588 649 181 
155 397 262 373 316 414 666 665 476 582 
156 507 646 19 52 276 604 777 28 517 
157 510 172 93 292 303 169 626 504 607 
158 21 783 781 131 530 211 200 675 364 
159 497 127 285 481 668 395 124 138 37 
160 322 135 788 407 625 384 352 617 12 
161 234 754 750 798 556 515 67 188 561 
162 347 702 257 784 245 629 203 365 345 
163 418 745 461 223 228 239 338 506 799 
164 75 620 214 667 361 141 369 622 439 
165 335 478 669 525 27 122 441 120 349 
166 421 512 344 500 142 150 408 635 371 
167 432 648 543 54 324 205 724 92 267 
168 687 521 787 254 451 722 394 69 226 
169 93 172 97 510 157 381 698 256 259 
170 555 265 776 502 762 465 221 48 294 
171 298 522 615 251 274 359 761 400 654 
172 93 157 510 169 626 97 292 303 381 
173 268 642 684 103 471 306 0 94 791 
174 231 797 735 9 207 442 607 728 286 
175 627 582 41 673 591 680 665 621 624 
176 709 266 329 514 11 623 793 413 378 
177 463 794 48 762 701 307 603 233 695 
178 527 183 647 657 144 191 640 393 426 
179 252 375 137 539 791 210 471 8 758 
180 419 411 354 713 81 737 272 187 440 
181 637 499 314 153 588 622 659 779 317 
182 386 427 260 429 686 661 589 592 139 
183 527 178 647 191 657 640 144 426 388 
184 467 95 385 233 501 513 603 406 129 
185 795 348 401 134 586 446 658 534 20 
186 760 731 383 299 220 655 276 110 531 
187 573 180 419 411 354 713 321 81 737 
188 101 643 561 67 399 551 490 126 515 
189 195 605 491 721 229 641 567 436 447 
190 84 733 318 493 352 312 384 123 458 
191 640 183 527 388 178 657 647 26 426 
192 39 552 674 118 115 546 403 79 541 
193 438 533 624 723 673 331 41 356 665 
194 104 46 470 85 241 692 249 445 209 
195 189 605 491 721 632 444 495 229 567 
196 133 563 426 121 538 475 250 149 657 
197 509 123 458 307 52 549 312 646 604 
198 99 89 105 535 504 440 524 272 327 
199 400 632 444 761 495 117 151 752 678 
200 217 736 405 91 158 474 211 21 76 
201 126 577 656 399 56 226 643 575 101 
202 498 117 209 447 96 445 567 752 495 
203 365 257 345 784 162 568 88 347 702 
204 597 61 269 494 505 650 396 579 756 
205 644 404 215 167 717 430 432 324 681 
206 235 321 130 237 58 419 180 187 713 
207 607 363 174 797 735 231 303 292 9 
208 107 225 729 68 743 311 70 362 523 
209 752 202 445 117 498 112 46 678 96 
210 8 758 137 74 780 773 252 179 63 
211 131 781 91 405 341 158 548 200 217 
212 775 462 19 777 379 18 559 507 156 
213 119 410 448 60 326 323 544 500 313 
214 141 439 620 369 164 361 651 75 460 
215 681 644 205 33 468 286 442 324 404 
216 393 765 487 120 349 144 122 441 250 
217 200 736 405 91 474 211 76 158 341 
218 572 738 562 73 136 412 726 609 319 
219 2 422 560 744 437 690 677 295 374 
220 531 299 760 186 110 655 731 326 383 
221 415 278 294 7 776 502 465 265 170 
222 72 128 4 425 420 313 448 344 326 
223 239 461 749 279 506 745 43 418 163 
224 579 650 355 703 265 83 170 494 597 
225 729 743 68 107 208 87 32 311 253 
226 656 394 308 521 56 575 577 254 722 
227 697 29 264 301 337 481 343 285 445 
228 338 746 786 163 799 745 255 395 418 
229 721 641 436 281 491 605 189 567 195 
230 704 553 717 618 585 430 404 10 644 
231 797 174 735 9 442 286 207 140 33 
232 391 412 562 434 73 136 287 716 772 
233 360 48 762 184 467 703 385 177 555 
234 161 754 515 750 325 613 798 556 67 
235 206 237 130 58 321 419 488 180 81 
236 371 677 38 149 538 690 744 422 475 
237 58 235 130 488 206 288 242 524 321 
238 707 273 357 633 431 380 484 0 528 
239 223 461 749 279 506 43 745 418 789 
240 782 608 742 550 630 77 47 576 511 
241 85 692 470 194 24 25 104 80 452 
242 728 488 288 524 303 58 292 174 17 
243 503 595 617 12 616 304 625 379 390 
244 770 634 291 43 279 589 683 239 223 
245 702 629 347 162 259 784 485 257 381 
246 55 402 598 106 526 114 545 5 569 
247 16 492 320 505 720 747 790 672 269 
248 564 377 263 718 113 565 682 612 568 
249 611 470 456 452 310 496 474 692 104 
250 563 216 487 765 426 133 393 196 441 
251 298 274 522 615 171 761 400 444 359 
252 179 137 375 210 8 758 539 471 791 
253 532 87 740 364 40 32 530 109 382 
254 722 394 168 308 687 521 451 226 787 
255 520 395 506 338 497 343 228 795 401 
256 381 97 259 671 482 629 169 93 328 
257 162 203 784 347 365 702 345 245 722 
258 42 129 486 385 353 467 47 284 649 
259 381 256 629 97 245 671 93 169 626 
260 429 592 139 386 182 82 661 289 427 
261 340 319 571 738 726 572 102 218 609 
262 397 414 155 665 685 373 691 582 772 
263 377 612 565 606 682 248 113 564 766 
264 481 285 343 227 697 159 138 497 29 
265 170 555 776 502 221 703 294 465 762 
266 514 15 176 329 36 23 774 689 623 
267 747 715 543 720 472 92 430 492 404 
268 173 642 684 103 471 0 306 94 791 
269 505 61 16 247 790 204 492 320 277 
270 619 428 778 10 296 529 585 618 435 
271 469 35 309 3 489 392 336 796 547 
272 737 81 440 713 354 419 411 180 198 
273 707 633 238 357 0 387 417 409 94 
274 522 615 251 761 298 171 400 444 359 
275 757 600 108 34 11 536 378 709 62 
276 604 646 731 52 156 507 655 517 383 
277 86 610 756 61 705 63 566 773 269 
278 415 7 294 221 539 776 502 179 465 
279 43 239 749 223 461 634 244 770 683 
280 13 477 80 376 670 25 24 679 580 
281 436 641 229 721 491 567 447 753 96 
282 66 536 88 600 275 757 578 51 628 
283 53 576 649 47 630 779 748 154 608 
284 353 693 649 385 332 129 710 42 146 
285 481 264 159 497 343 395 127 138 668 
286 9 735 442 479 797 324 231 33 174 
287 434 136 73 412 391 232 562 300 652 
288 488 17 140 58 242 152 237 728 130 
289 455 661 351 429 592 631 386 260 139 
290 333 473 398 769 730 315 516 389 725 
291 589 244 634 427 686 770 182 386 43 
292 303 510 607 157 728 207 172 242 174 
293 305 542 566 537 528 711 484 431 424 
294 7 278 415 221 776 265 502 539 170 
295 741 30 437 323 500 60 602 560 219 
296 529 428 270 619 77 778 785 511 550 
297 602 423 741 145 44 763 143 374 64 
298 251 171 274 522 615 761 400 359 444 
299 760 220 186 655 731 110 531 383 517 
300 464 287 434 136 73 768 562 412 609 
301 337 29 714 227 697 746 753 343 264 
302 483 574 771 557 734 36 666 476 15 
303 292 728 607 510 207 157 242 174 172 
304 616 503 662 243 596 719 645 751 379 
305 293 542 537 566 528 711 484 424 431 
306 642 103 35 271 469 309 489 471 791 
307 52 604 646 197 276 509 383 156 731 
308 394 722 226 254 656 521 518 168 577 
309 469 35 271 489 3 392 796 583 696 
310 456 76 452 611 249 25 470 477 692 
311 362 523 70 208 107 102 477 76 310 
312 458 123 733 509 493 676 318 84 197 
313 425 344 128 222 72 410 421 119 408 
314 637 153 181 622 459 317 659 499 75 
315 769 725 473 398 290 333 540 759 389 
316 666 373 476 155 1 397 262 771 734 
317 153 710 664 332 314 693 450 6 459 
318 493 733 190 123 458 84 312 549 509 
319 261 738 340 572 571 218 726 609 102 
320 16 247 672 688 457 492 720 472 505 
321 206 235 187 419 180 237 130 713 573 
322 160 135 788 625 617 407 12 384 390 
323 60 30 500 410 213 119 295 544 741 
324 479 648 286 735 9 797 442 167 363 
325 613 433 754 570 515 234 387 161 750 
326 448 531 4 220 213 119 110 299 72 
327 485 105 628 504 626 99 89 535 198 
328 671 660 367 698 482 333 290 368 97 
329 774 623 514 266 176 15 535 411 354 
330 764 49 554 449 420 71 90 372 128 
331 624 41 115 533 627 723 175 591 673 
332 710 664 146 317 594 693 593 406 513 
333 290 473 769 398 660 315 730 368 725 
334 789 658 584 358 20 350 348 683 401 
335 165 478 525 669 27 122 441 120 349 
336 547 712 696 271 639 469 35 309 3 
337 301 29 714 227 697 746 343 264 753 
338 228 746 786 255 395 163 343 799 745 
339 65 551 367 399 516 767 730 482 577 
340 261 571 319 102 726 738 670 362 572 
341 91 405 496 474 211 131 217 200 611 
342 706 37 636 534 586 416 127 134 159 
343 395 481 285 264 497 159 337 29 227 
344 313 425 421 410 166 128 408 222 500 
345 203 784 88 578 257 365 66 51 282 
346 59 403 606 674 79 565 612 51 541 
347 702 162 629 245 257 784 259 308 722 
348 401 795 185 658 20 358 334 134 789 
349 122 120 393 144 216 765 441 487 478 
350 584 683 116 82 334 78 260 139 589 
351 631 289 592 139 429 661 541 260 455 
352 384 788 407 190 583 135 699 160 84 
353 284 385 693 649 129 42 258 467 486 
354 411 713 180 419 737 81 272 440 774 
355 83 224 650 703 579 587 792 708 396 
356 601 768 438 193 464 446 300 586 652 
357 273 238 707 633 387 750 431 0 484 
358 658 334 348 558 401 584 20 185 789 
359 654 466 615 171 522 274 366 761 151 
360 233 762 703 48 555 170 265 184 467 
361 369 141 700 214 460 164 75 111 614 
362 311 523 70 102 477 208 107 340 280 
363 207 607 125 479 698 797 174 735 368 
364 530 21 532 40 382 32 253 158 740 
365 203 568 257 451 345 162 784 718 722 
366 519 466 654 453 359 548 151 781 131 
367 482 339 671 65 767 328 516 551 730 
368 660 125 698 724 333 290 473 769 328 
369 141 361 214 460 700 651 164 620 439 
370 708 587 785 511 100 792 83 396 638 
371 236 38 677 149 512 538 475 121 142 
372 459 71 111 700 764 614 6 450 361 
373 155 316 262 666 397 414 476 772 1 
374 14 560 423 297 602 741 64 219 50 
375 791 471 179 252 539 137 210 8 758 
376 679 580 670 732 13 280 24 416 755 
377 263 612 565 248 606 682 564 113 346 
378 62 11 413 508 34 757 275 108 709 
379 595 390 12 243 304 503 775 617 212 
380 528 431 484 566 31 711 293 238 305 
381 259 256 97 629 169 93 671 172 626 
382 40 530 364 740 532 21 253 158 109 
383 186 731 760 695 299 276 604 220 307 
384 352 788 135 190 160 318 390 322 493 
385 467 129 353 42 184 284 258 95 513 
386 182 427 429 661 260 686 592 589 289 
387 325 613 433 357 750 273 417 633 409 
388 191 635 150 142 640 26 408 475 121 
389 759 730 516 398 725 540 556 290 473 
390 12 595 625 617 379 135 243 384 322 
391 232 412 434 136 73 287 562 716 652 
392 796 3 583 309 469 489 35 271 696 
393 216 765 144 349 120 487 122 441 657 
394 308 722 254 226 521 656 168 687 56 
395 343 497 255 285 481 159 264 338 127 
396 457 672 688 83 587 204 638 505 650 
397 262 155 665 414 582 685 175 627 673 
398 473 290 730 389 759 725 769 333 516 
399 126 188 201 643 577 101 339 65 551 
400 761 444 199 632 274 615 522 251 495 
401 348 795 185 20 658 520 358 789 334 
402 598 545 246 106 55 569 443 98 50 
403 674 59 118 346 79 34 108 541 192 
404 430 717 715 205 267 644 472 704 230 
405 91 474 341 496 217 211 200 131 736 
406 593 513 501 594 146 95 581 664 332 
407 788 699 160 352 322 583 135 639 384 
408 150 26 142 635 388 344 421 425 512 
409 417 94 0 387 633 273 433 707 357 
410 119 213 60 500 323 344 313 421 30 
411 354 713 180 419 81 737 272 774 440 
412 391 232 562 73 136 434 287 716 652 
413 508 793 62 378 11 689 709 454 176 
414 262 685 772 691 397 665 716 155 652 
415 278 7 294 221 539 776 502 179 465 
416 636 755 37 580 679 732 124 706 342 
417 409 94 0 387 633 273 433 707 357 
418 745 163 461 223 239 506 228 279 338 
419 180 713 354 81 411 737 272 440 187 
420 72 222 449 4 128 425 330 313 448 
421 166 344 512 142 500 408 150 313 635 
422 744 690 219 2 437 677 236 560 371 
423 297 602 64 14 44 114 374 741 763 
424 705 45 542 537 610 305 92 293 566 
425 313 128 344 222 72 420 408 4 26 
426 133 563 657 196 250 216 393 144 765 
427 686 182 386 589 661 429 260 291 455 
428 270 619 296 10 529 778 585 618 435 
429 260 592 139 386 661 182 289 82 351 
430 715 404 717 472 267 720 704 205 230 
431 484 528 380 711 566 238 293 305 31 
432 167 543 92 648 267 54 45 205 424 
433 613 325 570 387 754 515 234 161 750 
434 287 136 73 412 391 562 232 300 652 
435 638 778 688 785 672 457 270 320 619 
436 281 641 229 721 491 567 447 753 96 
437 422 219 744 560 295 2 690 677 236 
438 193 533 673 624 665 768 691 356 685 
439 214 620 141 369 164 651 361 460 75 
440 272 737 81 713 354 419 411 198 180 
441 120 487 765 122 216 349 393 478 165 
442 9 735 231 797 33 286 174 140 17 
443 98 739 545 50 598 569 402 106 64 
444 632 400 761 199 495 274 522 615 195 
445 96 202 209 46 753 498 117 752 447 
446 134 586 601 185 795 348 356 358 558 
447 567 498 117 202 491 96 281 436 495 
448 326 4 531 213 119 222 72 220 410 
449 420 330 72 4 764 222 49 128 581 
450 6 581 594 664 459 317 710 332 372 
451 787 687 168 254 568 722 365 521 394 
452 456 25 692 470 249 310 611 85 241 
453 548 519 366 675 781 783 131 466 211 
454 147 689 1 793 680 23 621 734 476 
455 289 661 386 429 351 686 592 182 766 
456 452 310 249 470 25 611 692 85 241 
457 672 688 320 638 16 247 396 505 435 
458 123 312 509 733 493 197 318 676 549 
459 372 314 450 153 6 71 111 317 637 
460 651 369 700 141 614 361 111 653 214 
461 223 239 506 749 279 745 418 163 43 
462 18 559 212 143 775 57 777 145 44 
463 794 177 701 48 676 197 509 307 762 
464 300 609 768 287 356 434 136 73 726 
465 502 776 22 701 221 170 555 265 415 
466 654 366 151 359 519 453 548 761 615 
467 385 184 129 42 258 353 95 284 233 
468 33 663 681 140 148 132 17 442 215 
469 35 309 271 489 3 392 796 583 696 
470 249 456 452 692 611 85 194 104 241 
471 791 375 539 252 179 306 137 268 173 
472 720 715 267 320 747 492 430 247 16 
473 769 290 333 398 315 725 730 389 759 
474 405 496 91 341 611 217 249 200 736 
475 121 538 149 38 635 142 388 196 371 
476 1 734 666 147 316 771 454 155 23 
477 280 523 13 25 80 362 311 452 310 
478 335 525 165 27 669 122 120 349 441 
479 324 286 648 735 9 797 363 207 442 
480 22 590 539 791 489 415 221 465 278 
481 264 285 343 497 159 395 138 227 668 
482 671 367 767 518 256 328 339 65 97 
483 302 771 574 557 734 666 36 476 15 
484 431 528 380 711 566 293 305 238 31 
485 628 327 105 626 245 504 89 99 535 
486 258 42 129 47 353 649 385 630 284 
487 765 441 216 120 393 122 349 250 144 
488 288 242 58 728 17 237 140 524 130 
489 35 309 469 271 392 3 796 590 583 
490 561 67 101 643 515 188 754 570 234 
491 721 189 641 436 229 605 281 567 447 
492 247 16 747 320 720 790 505 269 472 
493 318 733 123 190 458 312 84 509 549 
494 597 579 204 7 650 294 179 74 278 
495 117 498 632 447 567 199 202 444 189 
496 474 341 405 91 611 249 112 678 470 
497 159 285 127 395 481 343 264 534 37 
498 117 202 447 567 495 209 96 445 752 
499 779 181 588 153 693 637 314 154 748 
500 60 410 323 166 421 30 295 344 119 
501 95 513 406 593 594 146 603 581 184 
502 465 776 221 170 555 265 701 22 294 
503 243 616 304 662 595 617 12 596 379 
504 99 105 89 198 626 327 157 535 172 
505 269 16 247 492 61 790 320 672 457 
506 461 223 239 749 520 255 745 279 20 
507 156 777 28 517 276 646 19 655 604 
508 413 62 378 793 11 118 689 34 108 
509 197 458 123 312 549 493 307 733 52 
510 157 172 292 93 303 169 607 207 728 
511 77 742 370 550 529 785 782 708 296 
512 166 142 421 635 371 150 475 38 408 
513 406 593 501 95 146 594 664 332 710 
514 266 15 329 774 176 36 623 23 411 
515 754 234 67 613 325 570 161 561 490 
516 730 389 759 398 551 290 65 556 473 
517 655 110 28 507 299 777 276 731 156 
518 767 482 577 671 367 308 656 226 256 
519 366 453 548 466 654 675 781 783 131 
520 255 20 506 401 795 348 749 789 461 
521 168 69 254 394 226 575 687 56 722 
522 615 274 761 251 171 298 400 359 444 
523 362 311 477 70 102 280 310 76 208 
524 242 728 440 58 488 198 303 99 272 
525 478 27 335 165 669 122 349 120 441 
526 5 694 246 55 599 114 596 719 645 
527 183 178 647 191 657 640 144 426 388 
528 484 431 380 566 711 293 305 542 31 
529 296 428 785 270 77 511 619 778 435 
530 364 21 382 40 532 158 32 253 740 
531 220 326 299 448 760 110 655 186 4 
532 253 364 87 740 530 32 40 382 21 
533 723 193 624 438 331 115 41 673 39 
534 706 342 37 127 795 636 185 586 497 
535 89 105 623 99 198 327 329 440 504 
536 282 66 600 275 757 88 108 34 51 
537 542 305 293 424 54 315 725 566 769 
538 149 121 38 475 371 196 236 635 133 
539 791 375 179 415 278 471 252 7 294 
540 725 759 389 798 398 315 711 556 730 
541 79 631 351 78 674 82 139 116 606 
542 305 293 537 424 566 528 705 711 54 
543 92 267 747 45 432 790 167 720 492 
544 57 213 28 119 323 30 18 517 60 
545 598 569 443 98 402 106 739 50 246 
546 558 552 39 78 116 358 192 115 584 
547 336 712 696 639 271 469 3 309 35 
548 453 675 781 783 131 519 211 158 366 
549 19 509 123 197 493 458 318 733 52 
550 77 782 240 742 511 608 529 296 630 
551 65 339 516 556 730 389 188 399 759 
552 39 115 546 558 723 192 533 331 624 
553 230 704 618 717 585 10 430 404 644 
554 49 764 90 330 71 653 614 111 640 
555 170 265 776 762 502 48 465 221 703 
556 798 161 551 759 389 516 540 730 234 
557 574 302 483 771 15 573 36 734 187 
558 546 552 358 723 39 658 115 446 533 
559 143 751 145 44 462 763 645 719 18 
560 219 437 2 374 422 744 690 295 14 
561 67 101 643 490 188 515 754 399 234 
562 73 136 412 434 391 232 287 218 572 
563 133 196 426 250 657 216 393 121 765 
564 248 718 377 113 568 263 565 682 365 
565 377 263 51 612 578 346 606 248 59 
566 528 380 293 305 484 431 542 610 705 
567 447 498 117 491 202 436 281 96 641 
568 718 365 451 787 203 564 687 248 257 
569 106 545 598 402 443 98 739 55 246 
570 433 613 325 515 754 234 490 387 67 
571 340 261 726 738 319 670 609 572 102 
572 218 738 726 562 609 73 319 136 412 
573 187 180 557 411 354 419 574 15 713 
574 557 302 483 771 573 15 187 36 514 
575 56 69 521 226 656 201 168 394 126 
576 283 53 630 649 47 748 608 154 779 
577 201 126 656 399 767 226 518 339 65 
578 51 88 345 565 66 282 536 59 346 
579 224 650 494 597 355 703 265 294 7 
580 679 376 732 670 416 755 13 124 24 
581 594 6 450 406 593 501 513 449 146 
582 175 627 673 665 41 680 397 591 624 
583 796 392 3 699 696 639 309 469 35 
584 350 334 683 789 116 658 358 82 78 
585 618 10 619 270 778 704 428 230 553 
586 134 446 601 342 185 706 534 795 37 
587 708 370 83 792 100 355 396 785 511 
588 181 659 622 499 637 779 667 314 154 
589 427 182 634 291 386 686 683 260 350 
590 480 489 22 35 309 469 392 796 676 
591 621 680 41 175 627 331 582 624 454 
592 139 429 260 82 351 661 289 631 386 
593 406 513 594 146 501 95 664 332 710 
594 593 406 146 513 664 332 501 710 581 
595 12 617 625 390 243 379 503 135 304 
596 662 616 694 304 503 719 645 751 243 
597 494 204 579 650 74 224 7 294 773 
598 402 545 106 569 246 55 443 98 739 
599 719 645 5 694 751 763 44 143 526 
600 275 757 536 282 66 108 34 11 378 
601 356 586 446 768 134 193 438 342 464 
602 741 297 423 145 295 30 44 374 763 
603 695 501 95 383 184 513 406 593 186 
604 646 276 52 307 156 731 383 507 186 
605 189 721 491 229 195 641 436 281 495 
606 612 263 346 351 631 377 565 79 541 
607 207 363 292 303 174 797 231 735 728 
608 630 782 240 47 742 576 283 550 53 
609 726 738 464 572 300 218 571 732 670 
610 86 277 705 756 566 424 61 63 45 
611 249 470 456 474 496 310 452 76 405 
612 606 263 377 565 346 351 682 631 289 
613 325 433 754 570 515 234 387 161 750 
614 111 71 700 653 90 460 361 369 372 
615 522 274 761 251 171 298 400 359 444 
616 662 304 503 596 243 719 694 645 751 
617 12 625 595 243 390 503 135 322 379 
618 585 10 619 704 778 230 270 553 428 
619 270 428 778 10 585 296 618 529 435 
620 164 214 439 75 141 667 369 361 659 
621 680 591 175 41 627 454 582 147 331 
622 659 637 667 75 314 181 588 164 153 
623 329 535 774 89 514 105 176 354 411 
624 331 41 533 627 673 175 115 193 723 
625 12 617 595 390 135 243 322 160 503 
626 504 327 172 93 157 485 381 259 510 
627 175 582 673 41 665 624 331 591 680 
628 485 327 282 105 66 536 535 245 784 
629 259 245 702 347 381 256 162 97 518 
630 47 608 576 283 782 742 240 53 486 
631 351 541 592 139 289 79 429 82 606 
632 444 199 495 400 761 195 117 189 498 
633 273 707 0 238 357 387 417 409 94 
634 43 244 589 770 683 279 291 749 350 
635 142 150 388 475 408 512 121 26 421 
636 37 706 342 416 127 534 755 159 732 
637 314 622 181 153 659 75 588 667 459 
638 435 688 457 672 785 320 778 396 16 
639 696 699 712 547 583 3 336 392 796 
640 191 183 527 26 388 178 647 657 408 
641 436 281 229 721 491 567 447 753 605 
642 173 268 684 103 306 471 791 375 94 
643 101 561 188 67 490 399 126 201 515 
644 215 205 681 404 717 324 286 33 430 
645 719 751 599 694 559 143 304 763 596 
646 52 604 156 276 307 507 19 731 197 
647 178 183 527 640 191 653 144 657 90 
648 324 479 167 724 432 286 54 363 205 
649 53 283 284 353 693 576 779 47 486 
650 224 579 355 83 597 494 703 204 396 
651 460 369 141 214 361 439 700 614 653 
652 691 287 685 434 772 768 391 716 232 
653 90 614 647 71 111 460 554 700 178 
654 466 359 366 151 519 615 522 761 453 
655 110 517 299 731 28 220 760 276 186 
656 226 577 201 56 126 394 575 308 521 
657 426 527 183 144 178 191 393 216 133 
658 358 334 348 401 20 789 185 584 795 
659 622 667 637 75 588 181 314 164 153 
660 368 698 333 125 290 328 473 769 724 
661 289 455 386 429 182 592 260 686 427 
662 596 616 304 503 694 243 719 645 751 
663 148 132 468 152 140 17 33 681 442 
664 332 710 146 594 317 593 406 450 513 
665 673 582 685 627 397 175 691 262 414 
666 316 476 373 155 1 771 734 483 397 
667 659 75 622 164 620 637 588 214 314 
668 138 124 755 24 159 285 416 127 481 
669 165 335 478 525 27 122 441 120 349 
670 376 580 679 732 280 13 571 726 416 
671 482 367 256 328 767 97 381 518 259 
672 457 688 320 16 638 247 396 492 505 
673 665 627 582 175 624 438 41 193 685 
674 403 79 118 59 192 346 541 34 108 
675 783 548 781 453 131 158 211 519 21 
676 312 701 458 84 794 123 733 22 190 
677 236 690 371 744 422 38 2 149 538 
678 112 752 209 496 46 117 202 199 104 
679 580 376 732 670 416 755 13 124 24 
680 621 591 175 454 582 627 147 1 41 
681 215 33 468 644 286 442 9 205 324 
682 766 113 263 377 612 455 248 289 606 
683 43 350 634 584 789 279 589 334 749 
684 642 173 103 268 94 306 0 471 336 
685 691 414 665 652 262 673 772 397 438 
686 427 386 182 661 589 455 291 429 260 
687 168 787 451 254 521 722 394 69 308 
688 672 457 320 638 16 247 435 396 492 
689 793 23 454 413 147 36 508 734 266 
690 744 2 422 677 219 437 236 371 560 
691 685 652 414 665 772 262 673 438 768 
692 85 241 25 452 470 456 80 24 194 
693 284 353 649 710 332 499 317 664 779 
694 599 596 719 645 526 5 751 662 616 
695 603 383 186 760 731 307 604 299 501 
696 639 712 699 547 3 583 336 271 392 
697 227 29 264 301 337 481 445 46 241 
698 125 368 660 328 363 169 333 97 607 
699 639 696 583 407 3 796 392 712 352 
700 111 361 614 369 71 460 141 372 651 
701 465 794 676 502 463 22 177 48 555 
702 347 162 245 629 257 784 259 203 381 
703 224 360 355 265 170 555 579 650 762 
704 230 553 717 618 585 430 404 10 715 
705 610 424 45 86 277 790 566 92 756 
706 342 37 636 534 127 416 586 159 497 
707 273 633 238 357 0 758 31 8 268 
708 587 370 792 100 83 511 785 355 396 
709 11 176 378 275 62 413 757 600 508 
710 332 664 146 317 594 693 593 406 513 
711 484 528 431 293 305 540 380 566 798 
712 547 336 696 639 271 699 3 469 309 
713 81 737 354 419 411 272 180 440 774 
714 301 337 746 753 29 786 96 227 281 
715 430 472 267 404 720 717 747 543 492 
716 772 232 391 412 652 414 434 287 136 
717 430 404 704 230 715 553 205 618 472 
718 568 564 248 365 451 787 203 377 687 
719 645 751 599 694 304 559 596 143 763 
720 472 747 492 320 267 247 16 715 92 
721 229 641 491 605 436 281 189 567 195 
722 254 394 308 168 687 521 451 226 787 
723 533 115 193 331 624 552 39 558 438 
724 54 368 660 769 648 315 473 333 537 
725 315 540 398 769 759 389 473 290 730 
726 609 738 571 572 261 218 319 670 340 
727 27 525 478 651 439 349 122 460 214 
728 242 303 488 292 174 524 288 607 207 
729 225 743 68 107 208 87 32 253 532 
730 516 389 398 759 290 473 333 551 725 
731 186 760 383 299 276 655 220 604 110 
732 580 679 670 376 416 755 636 609 37 
733 493 318 190 123 84 312 458 509 549 
734 771 36 476 23 147 1 454 689 483 
735 9 797 231 442 174 286 207 479 33 
736 200 217 21 76 158 32 405 91 474 
737 81 272 713 440 354 419 411 180 774 
738 572 218 726 609 319 261 571 562 340 
739 98 50 443 545 598 64 14 569 106 
740 40 109 253 532 382 364 530 87 21 
741 602 297 295 30 423 145 323 374 560 
742 782 608 240 630 511 47 550 77 100 
743 729 225 68 107 87 208 32 253 532 
744 690 422 2 219 677 437 236 560 371 
745 418 163 461 223 239 506 279 228 749 
746 786 799 714 228 338 337 301 29 163 
747 492 720 92 267 790 543 247 472 16 
748 154 779 576 283 53 499 588 649 630 
749 239 223 279 461 506 43 789 20 683 
750 798 161 234 754 556 325 613 711 357 
751 645 719 599 559 143 694 304 763 44 
752 112 678 209 202 117 498 46 445 495 
753 96 281 436 714 641 567 447 445 202 
754 234 515 161 613 325 67 570 433 750 
755 124 668 138 416 679 580 127 24 159 
756 277 63 86 610 773 780 61 31 74 
757 275 108 34 600 378 536 11 62 282 
758 8 210 137 74 780 773 252 31 179 
759 389 730 398 516 540 725 556 473 315 
760 186 299 731 220 383 655 531 110 276 
761 400 615 274 522 444 199 632 251 171 
762 48 555 360 170 233 265 177 776 703 
763 44 143 145 599 559 751 645 297 719 
764 330 49 554 71 449 372 90 111 420 
765 487 216 120 393 441 122 349 250 144 
766 682 113 455 289 263 661 377 612 686 
767 518 482 367 577 671 339 65 656 256 
768 356 652 601 300 438 691 287 464 434 
769 473 315 333 290 398 725 759 389 730 
770 244 634 279 43 291 239 223 589 683 
771 734 483 302 36 557 476 574 666 23 
772 716 414 652 691 685 391 232 262 412 
773 780 74 63 31 210 8 756 758 137 
774 329 623 514 411 354 713 266 737 180 
775 212 19 462 777 379 18 507 156 549 
776 170 265 502 555 221 465 294 7 278 
777 28 507 517 156 57 19 655 110 775 
778 270 619 435 428 10 585 618 296 529 
779 499 748 154 53 181 283 649 693 588 
780 773 74 63 31 210 8 758 756 137 
781 131 783 548 211 675 158 453 91 405 
782 742 240 608 550 630 77 47 511 576 
783 675 781 548 158 131 453 211 21 530 
784 257 345 162 203 702 347 245 88 365 
785 638 370 529 435 511 587 708 296 688 
786 746 799 228 338 714 163 337 301 418 
787 451 687 168 254 521 722 568 365 394 
788 160 407 135 352 322 384 699 625 583 
789 334 20 749 683 584 658 43 348 401 
790 45 492 92 747 505 247 269 16 61 
791 375 471 539 179 252 480 306 415 278 
792 100 708 587 83 370 355 703 486 258 
793 689 413 508 23 454 62 378 11 147 
794 463 177 701 676 48 312 509 197 458 
795 185 401 348 134 20 534 520 658 586 
796 392 3 583 309 489 469 35 271 696 
797 735 231 174 9 442 207 286 607 479 
798 750 556 161 540 234 759 711 389 754 
799 786 746 228 338 163 714 418 745 337 
