0 633 273 707 94 
1 147 476 454 734 
2 744 690 219 422 
3 392 796 309 583 
4 72 222 448 420 
5 526 599 694 114 
6 450 581 594 664 
7 294 278 415 221 
8 758 210 137 74 
9 735 442 231 797 
10 585 618 619 270 
11 378 62 709 413 
12 595 617 625 390 
13 80 280 24 376 
14 374 50 64 423 
15 514 266 36 329 
16 247 492 320 505 
17 140 288 152 488 
18 462 57 559 143 
19 156 507 646 52 
20 789 401 348 334 
21 530 158 364 32 
22 480 465 590 502 
23 36 689 793 734 
24 80 13 138 668 
25 80 452 692 456 
26 408 150 640 388 
27 525 478 335 669 
28 777 517 507 110 
29 301 227 337 697 
30 323 60 295 500 
31 63 780 773 380 
32 21 364 532 530 
33 442 681 468 9 
34 108 757 275 378 
35 469 309 271 489 
36 23 15 734 266 
37 636 706 342 127 
38 149 371 538 236 
39 552 115 192 546 
40 382 740 364 530 
41 331 624 627 175 
42 129 258 486 385 
43 279 634 683 749 
44 763 145 143 559 
45 92 790 705 424 
46 104 194 445 209 
47 630 608 576 283 
48 762 177 555 233 
49 554 330 764 90 
50 739 98 443 64 
51 578 88 565 59 
52 646 604 307 156 
53 283 649 576 779 
54 724 537 167 315 
55 246 402 598 106 
56 575 69 656 226 
57 544 28 18 777 
58 237 488 288 130 
59 346 403 674 51 
60 323 500 30 410 
61 269 505 277 86 
62 378 11 508 413 
63 773 780 756 31 
64 114 50 423 14 
65 339 551 367 516 
66 282 536 88 600 
67 561 101 490 188 
68 729 743 225 87 
69 575 521 56 168 
70 362 311 102 523 
71 111 614 700 372 
72 222 420 4 128 
73 136 434 562 287 
74 773 780 210 8 
75 164 667 620 622 
76 310 736 217 611 
77 550 511 782 529 
78 116 82 139 592 
79 541 674 631 403 
80 13 24 25 280 
81 737 272 713 419 
82 139 116 78 592 
83 355 587 708 792 
84 190 733 318 493 
85 241 692 470 194 
86 277 610 756 705 
87 253 532 743 68 
88 578 66 282 51 
89 99 105 198 535 
90 653 554 614 71 
91 405 341 474 211 
92 543 45 747 790 
93 172 169 510 157 
94 409 417 0 684 
95 501 513 406 593 
96 753 445 202 447 
97 381 256 169 259 
98 443 739 50 545 
99 89 198 105 504 
100 792 708 587 370 
101 643 188 561 67 
102 70 362 340 523 
103 684 642 306 173 
104 194 46 470 85 
105 89 99 535 198 
106 569 598 402 545 
107 208 225 729 68 
108 34 757 275 600 
109 740 40 253 532 
110 655 517 299 220 
111 71 614 700 372 
112 678 752 209 46 
113 682 766 248 564 
114 64 5 423 246 
115 39 723 552 331 
116 78 82 139 592 
117 498 202 495 447 
118 403 674 34 108 
119 213 410 448 60 
120 122 441 765 349 
121 475 538 149 38 
122 349 120 441 393 
123 458 312 509 493 
124 668 755 138 416 
125 698 368 363 660 
126 201 577 399 656 
127 159 497 37 636 
128 222 425 72 313 
129 42 258 486 385 
130 235 237 152 58 
131 781 211 783 548 
132 148 663 152 17 
133 563 196 426 250 
134 446 586 185 795 
135 322 160 788 625 
136 73 434 287 562 
137 210 8 758 252 
138 668 124 755 24 
139 592 82 260 429 
140 17 288 152 442 
141 369 361 214 460 
142 635 150 512 408 
143 559 145 44 763 
144 393 349 216 657 
145 44 143 763 559 
146 593 594 513 664 
147 454 1 476 734 
148 132 663 152 468 
149 538 38 121 475 
150 408 142 635 26 
151 466 654 400 761 
152 132 148 130 17 
153 314 317 637 181 
154 748 779 576 499 
155 397 262 373 316 
156 507 646 19 52 
157 510 172 93 292 
158 21 783 781 131 
159 497 127 285 481 
160 322 135 788 407 
161 234 754 750 798 
162 347 702 257 784 
163 418 745 461 223 
164 75 620 214 667 
165 335 478 669 525 
166 421 512 344 500 
167 432 648 54 324 
168 687 521 787 254 
169 93 172 97 510 
170 555 265 776 502 
171 298 522 615 251 
172 93 157 510 169 
173 268 642 684 103 
174 231 797 735 9 
175 627 582 41 673 
176 709 266 329 514 
177 463 794 48 762 
178 527 183 647 657 
179 252 375 137 539 
180 419 411 354 713 
181 637 499 314 153 
182 386 427 260 429 
183 527 178 647 191 
184 467 95 385 233 
185 795 348 401 134 
186 760 731 383 299 
187 573 180 419 713 
188 101 643 561 67 
189 195 605 491 721 
190 84 733 318 493 
191 640 183 527 388 
192 39 552 674 118 
193 438 533 624 723 
194 104 46 470 85 
195 189 605 491 721 
196 133 563 426 121 
197 509 123 458 307 
198 99 89 105 535 
199 400 632 444 761 
200 217 736 405 91 
201 126 577 656 399 
202 498 117 209 447 
203 365 257 345 784 
204 597 61 269 494 
205 644 404 215 717 
206 235 321 130 237 
207 607 363 174 797 
208 107 225 729 68 
209 752 202 445 117 
210 8 758 137 74 
211 131 781 91 405 
212 775 462 19 379 
213 119 410 448 60 
214 141 439 620 369 
215 681 644 205 33 
216 393 765 487 120 
217 200 736 405 91 
218 572 738 562 73 
219 2 422 560 744 
220 531 299 760 186 
221 415 278 294 7 
222 72 128 4 425 
223 239 461 749 279 
224 579 650 355 703 
225 729 743 68 107 
226 656 394 308 56 
227 697 29 264 301 
228 338 746 786 163 
229 721 641 436 281 
230 704 553 717 618 
231 797 174 735 9 
232 391 412 562 434 
233 360 48 762 184 
234 161 754 515 750 
235 206 237 130 58 
236 371 677 38 149 
237 58 235 130 488 
238 707 273 357 633 
239 223 461 749 279 
240 782 608 742 550 
241 85 692 470 194 
242 728 488 288 524 
243 503 595 617 12 
244 770 634 291 43 
245 702 629 347 162 
246 55 402 598 106 
247 16 492 320 505 
248 564 377 263 718 
249 611 470 456 452 
250 563 216 487 765 
251 298 274 522 615 
252 179 137 375 210 
253 532 87 740 364 
254 722 394 168 308 
255 520 395 506 338 
256 381 97 259 671 
257 162 203 784 347 
258 42 129 486 385 
259 381 256 629 97 
260 429 592 139 386 
261 340 319 571 738 
262 397 414 155 685 
263 377 612 565 606 
264 481 285 343 227 
265 170 555 776 502 
266 514 15 176 329 
267 747 715 543 720 
268 173 642 684 103 
269 505 61 16 247 
270 619 428 778 10 
271 469 35 309 3 
272 737 81 440 713 
273 707 633 238 357 
274 522 615 251 761 
275 757 600 108 34 
276 604 646 731 52 
277 86 610 756 61 
278 415 7 294 221 
279 43 239 749 223 
280 13 477 80 376 
281 436 641 229 721 
282 66 536 88 600 
283 53 576 649 47 
284 353 693 649 385 
285 481 264 159 497 
286 9 735 442 479 
287 434 136 73 412 
288 488 17 140 58 
289 455 661 351 429 
290 333 473 398 769 
291 589 244 634 427 
292 303 510 607 157 
293 305 542 566 537 
294 7 278 415 221 
295 741 30 437 323 
296 529 428 270 619 
297 602 423 741 145 
298 251 171 274 522 
299 760 220 186 655 
300 464 287 434 136 
301 337 29 714 227 
302 483 574 771 557 
303 292 728 607 510 
304 616 503 662 243 
305 293 542 537 566 
306 642 103 35 271 
307 52 604 646 197 
308 394 722 226 254 
309 469 35 271 489 
310 456 76 452 611 
311 362 523 70 208 
312 458 123 733 509 
313 425 344 128 222 
314 637 153 181 622 
315 769 725 473 398 
316 666 373 476 155 
317 153 710 664 332 
318 493 733 190 123 
319 261 738 340 572 
320 16 247 672 688 
321 206 235 187 419 
322 160 135 788 625 
323 60 30 500 410 
324 479 648 286 735 
325 613 433 754 570 
326 448 531 4 220 
327 485 105 628 504 
328 671 660 367 698 
329 774 623 514 266 
330 764 49 554 449 
331 624 41 115 533 
332 710 664 146 317 
333 290 473 769 398 
334 789 658 584 358 
335 165 478 525 669 
336 547 712 696 271 
337 301 29 714 227 
338 228 746 786 255 
339 65 551 367 399 
340 261 571 319 102 
341 91 405 496 474 
342 706 37 636 534 
343 395 481 285 264 
344 313 425 421 410 
345 203 784 88 578 
346 59 403 606 674 
347 702 162 629 245 
348 401 795 185 658 
349 122 120 393 144 
350 584 683 116 82 
351 631 289 592 139 
352 384 788 407 190 
353 284 385 693 649 
354 411 713 180 419 
355 83 224 650 703 
356 601 768 438 193 
357 273 238 707 633 
358 658 334 348 558 
359 654 466 615 171 
360 233 762 703 48 
361 369 141 700 214 
362 311 523 70 102 
363 207 607 125 479 
364 530 21 532 40 
365 203 568 257 451 
366 519 466 654 453 
367 482 339 671 65 
368 660 125 698 724 
369 141 361 214 460 
370 708 587 785 511 
371 236 38 677 149 
372 459 71 111 700 
373 155 316 262 666 
374 14 560 423 297 
375 791 471 179 252 
376 679 580 670 732 
377 263 612 565 248 
378 62 11 413 508 
379 595 390 12 243 
380 528 431 484 566 
381 259 256 97 629 
382 40 530 364 740 
383 186 731 760 695 
384 352 788 135 190 
385 467 129 353 42 
386 182 427 429 661 
387 325 613 433 357 
388 191 635 150 142 
389 759 730 516 398 
390 12 595 625 617 
391 232 412 434 136 
392 796 3 583 309 
393 216 765 144 349 
394 308 722 254 226 
395 343 497 255 285 
396 457 672 688 83 
397 262 155 665 414 
398 473 290 730 389 
399 126 188 201 643 
400 761 444 199 632 
401 348 795 185 20 
402 598 545 246 106 
403 674 59 118 346 
404 430 717 715 205 
405 91 474 341 496 
406 593 513 501 594 
407 788 699 160 352 
408 150 26 142 635 
409 417 94 0 387 
410 119 213 60 500 
411 354 713 180 419 
412 391 232 562 73 
413 508 793 62 378 
414 262 685 772 691 
415 278 7 294 221 
416 636 755 37 580 
417 409 94 0 387 
418 745 163 461 223 
419 180 713 354 81 
420 72 222 449 4 
421 166 344 512 142 
422 744 690 219 2 
423 297 602 64 14 
424 705 45 542 537 
425 313 128 344 222 
426 133 563 657 196 
427 686 182 386 589 
428 270 619 296 10 
429 260 592 139 386 
430 715 404 717 472 
431 484 528 380 711 
432 167 543 92 648 
433 613 325 570 387 
434 287 136 73 412 
435 638 778 688 785 
436 281 641 229 721 
437 422 219 744 560 
438 193 533 673 624 
439 214 620 141 369 
440 272 737 81 713 
441 120 487 765 122 
442 9 735 231 797 
443 98 739 545 50 
444 632 400 761 199 
445 96 202 209 46 
446 134 586 601 185 
447 567 498 117 202 
448 326 4 531 213 
449 420 330 72 4 
450 6 581 594 664 
451 787 687 168 254 
452 456 25 692 470 
453 548 519 366 675 
454 147 689 1 793 
455 289 661 429 351 
456 452 310 249 470 
457 672 688 320 638 
458 123 312 509 733 
459 372 314 450 153 
460 651 369 700 141 
461 223 239 506 749 
462 18 559 212 143 
463 794 177 701 48 
464 300 609 768 287 
465 502 776 22 701 
466 654 366 151 359 
467 385 184 129 42 
468 33 663 681 140 
469 35 309 271 489 
470 249 456 452 692 
471 791 375 539 252 
472 720 715 267 320 
473 769 290 333 398 
474 405 496 91 341 
475 121 538 149 38 
476 1 734 666 147 
477 280 523 13 25 
478 335 525 165 27 
479 324 286 648 735 
480 22 590 539 791 
481 264 285 343 497 
482 671 367 767 518 
483 302 771 574 557 
484 431 528 380 711 
485 628 327 105 626 
486 258 42 129 47 
487 765 441 216 120 
488 288 242 58 728 
489 35 309 469 271 
490 561 67 101 643 
491 721 189 641 436 
492 247 16 747 320 
493 318 733 123 190 
494 597 579 204 7 
495 117 498 632 447 
496 474 341 405 91 
497 159 285 127 395 
498 117 202 447 567 
499 779 181 588 153 
500 60 410 323 166 
501 95 513 406 593 
502 465 776 221 170 
503 243 616 304 662 
504 99 105 89 198 
505 269 16 247 492 
506 461 223 239 749 
507 156 777 28 517 
508 413 62 378 793 
509 197 458 123 312 
510 157 172 292 93 
511 77 742 370 550 
512 166 142 421 635 
513 406 593 501 95 
514 266 15 329 774 
515 754 234 67 613 
516 730 389 759 398 
517 655 110 28 507 
518 767 482 577 671 
519 366 453 548 466 
520 255 20 506 401 
521 168 69 254 394 
522 615 274 761 251 
523 362 311 477 70 
524 242 728 440 58 
525 478 27 335 165 
526 5 694 246 55 
527 183 178 647 191 
528 484 431 380 566 
529 296 428 785 270 
530 364 21 382 40 
531 220 326 299 448 
532 253 364 87 740 
533 723 193 624 438 
534 706 342 37 127 
535 89 105 623 99 
536 282 66 600 275 
537 542 305 293 424 
538 149 121 38 475 
539 791 375 179 415 
540 725 759 389 798 
541 79 631 351 78 
542 305 293 537 424 
543 92 267 747 45 
544 57 28 323 30 
545 598 569 443 98 
546 558 552 39 78 
547 336 712 696 639 
548 453 675 781 783 
549 19 509 123 197 
550 77 782 240 742 
551 65 339 516 556 
552 39 115 546 558 
553 230 704 618 717 
554 49 764 90 330 
555 170 265 776 762 
556 798 161 551 759 
557 574 302 483 771 
558 546 552 358 723 
559 143 751 145 44 
560 219 437 2 374 
561 67 101 643 490 
562 73 136 412 434 
563 133 196 426 250 
564 248 718 377 113 
565 377 263 51 612 
566 528 380 293 305 
567 447 498 117 202 
568 718 365 451 787 
569 106 545 598 402 
570 433 613 325 515 
571 340 261 726 738 
572 218 738 726 562 
573 187 180 557 411 
574 557 302 483 771 
575 56 69 521 226 
576 283 53 630 649 
577 201 126 656 399 
578 51 88 345 565 
579 224 650 494 597 
580 679 376 732 670 
581 594 6 450 406 
582 175 627 673 665 
583 796 392 3 699 
584 350 334 683 789 
585 618 10 619 270 
586 134 446 601 342 
587 708 370 83 792 
588 181 659 622 499 
589 427 182 634 291 
590 480 489 22 35 
591 621 680 41 175 
592 139 429 260 82 
593 406 513 594 146 
594 593 406 146 513 
595 12 617 625 390 
596 662 616 694 304 
597 494 204 579 650 
598 402 545 106 569 
599 719 645 5 694 
600 275 757 536 282 
601 356 586 446 768 
602 741 297 423 145 
603 695 501 95 383 
604 646 276 52 307 
605 189 721 491 229 
606 612 263 346 351 
607 207 363 292 303 
608 630 782 240 47 
609 726 738 464 572 
610 86 277 705 756 
611 249 470 456 474 
612 606 263 377 565 
613 325 433 754 570 
614 111 71 700 653 
615 522 274 761 251 
616 662 304 503 596 
617 12 625 595 243 
618 585 10 619 704 
619 270 428 778 10 
620 164 214 439 75 
621 680 591 175 41 
622 659 637 667 75 
623 329 535 774 89 
624 331 41 533 627 
625 12 617 595 390 
626 504 327 172 93 
627 175 582 673 41 
628 485 327 282 105 
629 259 245 702 347 
630 47 608 576 283 
631 351 541 592 139 
632 444 199 495 400 
633 273 707 0 238 
634 43 244 589 770 
635 142 150 388 475 
636 37 706 342 416 
637 314 622 181 153 
638 435 688 457 672 
639 696 699 712 547 
640 191 183 527 26 
641 436 281 229 721 
642 173 268 684 103 
643 101 561 188 67 
644 215 205 681 404 
645 719 751 599 694 
646 52 604 156 276 
647 178 183 527 191 
648 324 479 167 724 
649 53 283 284 353 
650 224 579 355 83 
651 460 369 141 214 
652 691 287 685 772 
653 90 614 647 71 
654 466 359 366 151 
655 110 517 299 731 
656 226 577 201 56 
657 426 527 183 144 
658 358 334 348 401 
659 622 667 637 75 
660 368 698 333 125 
661 289 455 386 429 
662 596 616 304 503 
663 148 132 468 152 
664 332 710 146 594 
665 673 582 685 627 
666 316 476 373 155 
667 659 75 622 164 
668 138 124 755 24 
669 165 335 478 525 
670 376 580 679 732 
671 482 367 256 328 
672 457 688 320 16 
673 665 627 582 175 
674 403 79 118 59 
675 783 548 781 453 
676 312 701 458 84 
677 236 690 371 744 
678 112 752 209 117 
679 580 376 732 670 
680 621 591 175 454 
681 215 33 468 644 
682 766 113 263 377 
683 43 350 634 584 
684 642 173 103 268 
685 691 414 665 652 
686 427 386 182 661 
687 168 787 451 254 
688 672 457 320 638 
689 793 23 454 413 
690 744 2 422 677 
691 685 652 414 665 
692 85 241 25 452 
693 284 353 649 710 
694 599 596 719 645 
695 603 383 186 760 
696 639 712 699 547 
697 227 29 301 337 
698 125 368 660 328 
699 639 696 583 407 
700 111 361 614 369 
701 465 794 676 502 
702 347 162 245 629 
703 224 360 355 265 
704 230 553 717 618 
705 610 424 45 86 
706 342 37 636 534 
707 273 633 238 357 
708 587 370 792 100 
709 11 176 378 275 
710 332 664 146 317 
711 484 528 431 293 
712 547 336 696 639 
713 81 737 354 419 
714 301 337 746 753 
715 430 472 267 404 
716 772 232 391 412 
717 430 404 704 230 
718 568 564 248 365 
719 645 751 599 694 
720 472 747 492 320 
721 229 641 491 605 
722 254 394 308 168 
723 533 115 193 331 
724 54 368 660 769 
725 315 540 398 769 
726 609 738 571 572 
727 27 525 478 651 
728 242 303 488 292 
729 225 743 68 107 
730 516 389 398 759 
731 186 760 383 299 
732 580 679 670 376 
733 493 318 190 123 
734 771 36 476 23 
735 9 797 231 442 
736 200 217 21 76 
737 81 272 713 440 
738 572 218 726 609 
739 98 50 443 545 
740 40 109 253 532 
741 602 297 295 423 
742 782 608 240 630 
743 729 225 68 87 
744 690 422 2 219 
745 418 163 461 223 
746 786 799 714 228 
747 492 720 92 267 
748 154 779 576 283 
749 239 223 279 461 
750 798 161 234 754 
751 645 719 599 559 
752 112 678 209 202 
753 96 281 436 714 
754 234 515 161 613 
755 124 668 138 416 
756 277 63 86 610 
757 275 108 34 600 
758 8 210 137 74 
759 389 730 398 516 
760 186 299 731 220 
761 400 615 274 522 
762 48 555 360 170 
763 44 143 145 599 
764 330 49 554 71 
765 487 216 120 393 
766 682 113 455 289 
767 518 482 367 577 
768 356 652 601 300 
769 473 315 333 290 
770 244 634 279 43 
771 734 483 302 36 
772 716 414 652 691 
773 780 74 63 31 
774 329 623 514 411 
775 212 19 462 379 
776 170 265 502 555 
777 28 507 517 156 
778 270 619 435 428 
779 499 748 154 53 
780 773 74 63 31 
781 131 783 548 211 
782 742 240 608 550 
783 675 781 548 158 
784 257 345 162 203 
785 638 370 529 435 
786 746 799 228 338 
787 451 687 168 254 
788 160 407 135 352 
789 334 20 749 683 
790 45 492 92 747 
791 375 471 539 179 
792 100 708 587 83 
793 689 413 508 23 
794 463 177 701 676 
795 185 401 348 134 
796 392 3 583 489 
797 735 231 174 9 
798 750 556 161 540 
799 786 746 228 338 
